126

61 92 127 0 3
61 94 92 127 0 8
85 84 127 0 8
128 127 0 5
149 1 71
121 2 42
36 3 122
22 4 115
49 135 5 11
139 135 5 25
139 136 135 5 28
144 140 135 5 12
144 148 140 135 5 2
137 135 5 9
137 136 135 5 14
63 6 70
147 7 85
25 8 200
11 150 31 9 30
89 150 31 9 8
57 41 150 31 9 4
42 43 3 31 9 7
84 10 79
54 11 73
106 148 12 2
20 144 148 12 2
147 148 12 30
17 44 148 12 6
106 148 12 8
50 13 43
69 14 73
11 15 61
85 16 103
77 72 17 21
46 40 72 17 21
57 16 73 72 17 27
57 5 7 73 72 17 4
75 74 72 17 1
75 76 72 17 2
20 18 170
54 55 158 19 14
159 158 19 17
36 104 107 20 14
106 107 20 38
57 48 21 33
11 14 47 48 21 1
77 62 48 21 21
97 2 48 21 3
128 22 145
87 90 98 23 8
61 94 90 98 23 8
126 24 168
99 25 33
49 30 26 39
11 1 30 26 9
17 44 154 30 26 32
128 1 30 26 5
42 37 27 44
103 37 27 31
123 122 37 27 20
159 28 40
17 18 29 45
20 18 29 11
129 30 45
120 31 23
123 32 79
17 44 154 157 33 2
42 44 154 157 33 4
79 80 157 33 16
155 157 33 5
131 34 55
49 35 130
81 36 101
61 37 62
36 32 38 48
97 39 94
137 40 74
114 41 103
17 42 194
61 94 142 43 1
75 76 71 142 43 1
77 71 142 43 3
11 150 142 43 8
99 100 2 142 43 4
97 2 142 43 11
89 44 192
87 45 68
103 46 134
4 47 73
60 48 98
67 49 47
46 50 83
139 51 119
59 58 52 12
42 33 58 52 1
120 33 58 52 5
57 53 113
20 9 8 54 21
57 8 54 2
57 41 65 55 5
46 40 65 55 12
57 41 65 55 10
56 56 163
149 38 134 57 6
128 93 134 57 31
63 91 93 134 57 2
85 83 58 41
81 83 58 38
84 83 58 18
59 59 68
144 60 49
75 61 53
129 78 62 6
42 78 62 24
155 63 100
106 64 118
77 65 55
46 45 66 35
108 67 80
79 68 42
123 122 124 69 2
126 124 69 6
66 70 94
46 40 51 71 6
49 51 71 10
49 50 51 71 2
