238

298 0 42
64 297 298 0 15
172 296 298 0 6
264 1 53
61 2 109
221 3 132
99 271 270 4 35
109 5 35
172 6 29
172 164 7 18
30 8 109
153 152 9 18
86 10 52
252 11 109
246 12 73
273 294 13 31
234 14 67
165 15 129
114 16 43
79 17 53
156 29 23 5 4 18 1
239 233 212 5 4 18 9
3 4 18 2
30 31 19 13
232 33 31 19 9
30 32 31 19 14
276 31 19 2
204 20 156
66 240 21 28
226 20 135 240 21 4
109 126 121 146 22 22
95 93 146 22 10
43 23 52
6 8 24 21
156 8 24 35
162 25 46
258 26 48
102 27 91
244 28 48
81 29 47
87 30 127
186 31 68
79 25 24 72 73 32 3
162 163 73 32 22
114 120 73 32 12
188 192 124 120 73 32 4
3 33 63
95 34 46
187 35 88
112 111 36 8
113 111 36 46
81 15 112 111 36 15
229 37 39
66 38 72
38 39 77
98 97 261 283 40 17
153 127 259 283 40 2
265 262 182 41 20
43 262 182 41 5
165 184 182 41 26
293 182 41 19
176 214 182 41 9
66 182 41 24
66 68 42 20
70 231 68 42 29
44 214 68 42 12
70 68 42 12
176 214 68 42 8
45 43 61
70 67 44 4
70 52 67 44 25
99 271 67 44 6
117 118 119 45 11
79 25 28 137 139 119 45 4
117 119 45 7
17 46 116
253 254 60 47 13
255 254 60 47 2
204 203 48 49
99 100 202 203 48 6
102 100 202 203 48 12
204 206 203 48 8
39 200 203 48 21
171 49 92
54 50 43
91 51 52
106 104 52 15
285 21 27 104 52 16
44 21 27 104 52 4
106 105 104 52 7
98 97 27 104 52 4
232 230 53 4
229 230 53 22
282 54 26
173 55 34
133 56 72
30 260 295 57 17
265 260 295 57 6
105 260 295 57 8
153 127 263 260 295 57 8
232 33 295 57 9
153 127 260 295 57 7
43 1 296 295 57 4
13 58 143
54 53 59 10
81 26 22 53 59 24
220 60 62
153 61 89
43 262 257 62 7
221 223 257 62 10
258 257 62 22
288 63 26
188 64 64
106 65 80
69 66 80
66 69 66 50
144 69 66 15
99 56 67 46
226 241 177 56 67 8
114 56 67 34
217 215 56 67 5
44 68 51
88 77 292 69 35
153 292 69 26
293 292 69 26
253 213 292 69 5
39 200 77 292 69 2
43 213 292 69 6
288 289 70 21
222 71 123
70 72 59
167 171 236 73 34
239 233 236 73 1
234 233 236 73 27
249 74 75
39 75 41
273 76 79
238 77 194
249 250 78 25
285 21 250 78 7
293 79 116
144 201 80 6
30 201 80 4
252 72 81 12
89 72 81 14
226 241 212 72 81 15
234 233 212 72 81 8
79 25 24 72 81 17
89 82 49
112 83 84
226 84 197
88 85 71
99 86 54
225 87 59
285 88 54
287 286 89 12
180 90 95
287 80 91 38
79 80 91 18
113 111 80 91 4
96 97 261 80 91 2
79 78 80 91 3
267 92 87
66 182 183 93 1
272 274 275 84 183 93 8
30 184 183 93 2
13 16 185 183 93 1
96 97 261 84 183 93 4
98 97 261 84 183 93 5
276 261 84 183 93 1
66 182 183 93 8
98 97 261 84 183 93 5
39 200 77 76 94 3
276 24 76 94 17
39 200 24 76 94 3
79 25 24 76 94 1
188 191 190 95 3
188 192 191 190 95 7
188 190 95 8
188 189 190 95 3
276 277 190 95 13
141 96 93
197 97 51
113 98 77
217 99 69
134 100 45
276 101 124
209 102 85
217 57 58 103 17
81 26 22 58 103 7
217 215 56 58 103 13
217 57 58 103 1
156 104 69
144 105 113
255 106 61
287 107 79
167 108 206
176 109 66
105 110 53
49 111 53
239 112 139
253 113 49
117 114 108
142 115 186
64 62 116 27
64 63 62 116 10
153 127 92 62 116 1
197 127 92 62 116 11
61 62 116 12
96 117 63
168 118 135
48 119 51
272 65 120 25
153 127 65 120 2
64 121 60
244 242 122 34
197 260 268 123 12
30 260 268 123 21
9 124 170
272 125 44
98 126 74
30 184 127 26
165 184 127 5
265 128 76
102 101 129 44
99 100 101 129 29
99 101 129 3
54 51 101 129 4
105 103 101 129 1
142 213 128 130 6
153 127 263 128 130 4
253 213 128 130 29
232 131 88
218 132 107
6 133 74
162 161 134 12
162 163 161 134 4
79 25 161 134 9
