149

62 49 47 66 7
62 49 48 47 66 5
44 2 22 52 3
25 2 22 52 10
85 87 14 7
154 113 83 86 87 14 4
70 50 86 87 14 5
8 105 55 106 16 7
10 55 106 16 12
34 32 33 1
8 0 32 33 19
8 7 35 2
90 59 7 35 15
15 59 7 35 5
154 113 132 42 1
130 129 132 42 20
130 132 42 1
17 16 52 123 59 13
85 123 59 9
34 33 43 11
35 33 43 14
80 79 82 71 29
142 140 144 55 9
146 144 55 11
147 53 144 55 11
4 3 23 62 1
62 110 24 23 62 25
17 16 52 24 23 62 1
25 2 22 23 62 3
6 3 23 62 1
80 79 51 69 9 1
15 59 51 69 9 13
70 69 9 14
70 67 69 9 5
146 108 70 3
147 53 109 108 70 15
102 108 70 20
10 55 107 11 30
4 127 55 107 11 1
70 50 58 109 107 11 8
42 43 6 36
8 68 43 6 4
120 31 38 40 44 1
147 148 151 40 44 13
70 50 58 56 40 44 3
8 19 54 56 40 44 5
15 59 51 38 40 44 11
57 56 40 44 7
126 78 22 28
76 78 22 10
76 77 78 22 4
122 5 49
120 31 74 17 1
130 129 74 17 16
8 0 31 74 17 13
35 31 74 17 8
17 16 31 74 17 3
62 0 31 74 17 2
142 129 74 17 6
10 11 69 8
9 11 69 41
118 115 54 26
62 110 96 117 115 54 8
142 115 54 16
147 148 12 31
25 148 12 20
6 60 52
63 81 63 7
80 81 63 44
80 79 81 63 2
85 54 81 63 1
102 114 155 10 5
154 156 155 10 21
130 155 10 14
62 49 114 155 10 8
154 155 10 7
34 24 56
9 34 56
4 127 64 35
122 121 127 64 16
10 27 55 127 64 5
109 25 58
80 53 58
130 131 23 41
118 131 23 19
42 28 60
67 49 60
141 58 60
153 8 68
44 38 68
135 4 72
29 28 50 24
90 39 75
85 61 76
118 136 137 46 7
142 137 46 43
142 140 137 46 29
154 41 80
102 68 80
130 111 91 32 12
90 91 32 23
8 91 32 24
67 69 51 91 32 1
120 91 32 22
76 30 83
118 31 83
103 51 84
57 18 85
119 13 88
10 65 89
63 20 90
120 37 92
75 67 92
17 0 93
70 36 95
126 29 97
29 26 27 40
62 110 26 27 8
119 110 26 27 22
44 59 110 26 27 5
149 73 72 26 27 15
25 26 27 8
146 57 99
130 56 101
8 19 104
62 1 110
142 48 111
4 3 114
139 15 115
118 136 7 17
142 136 7 24
139 136 7 16
142 138 136 7 22
142 140 138 136 7 2
130 111 112 136 7 4
130 111 112 137 136 7 7
141 136 7 11
154 156 138 136 7 6
139 138 136 7 8
149 47 131
147 21 137
15 40 139
29 26 145
35 45 157
25 2 179
29 28 50 16
147 28 50 18
25 28 50 7
10 27 28 50 8
